[gd_scene load_steps=4 format=3]

[ext_resource type="Script" path="res://scripts/Motor.gd" id="1"]

[sub_resource type="Curve3D" id=1]
_data = {
"points": PoolVector3Array( 0, 0, 0, 0, 0, 0, -2.00432, 0, -2.00432, -1.98474, 0, -2.03697, 1.98474, 0, 2.03697, 1.99779, 0, -2.01738, 0.568, 0, -0.652874, -0.568, 0, 0.652874, 2.03697, 0, 1.99779, 2.48745, 0, 1.50161, -2.48745, 0, -1.50161, -1.98474, 0, 2.02391, 0, 0, 0, 0, 0, 0, -2.00432, 0, -2.00432 ),
"tilts": PoolRealArray( 0, 0, 0, 0, 0 )
}

[sub_resource type="SphereShape" id=2]

[node name="Rail Physics" type="Spatial"]

[node name="Path" type="Path" parent="."]
curve = SubResource( 1 )

[node name="PathFollow" type="PathFollow" parent="Path"]
transform = Transform( 0.826309, 0, -0.563217, 0, 1, 0, 0.563217, 0, 0.826309, -2.00432, 0, -2.00432 )

[node name="RigidBody" type="RigidBody" parent="Path/PathFollow"]
transform = Transform( 0.996937, 0, -0.0782062, 0, 1, 0, 0.0782062, 0, 0.996937, 2.64146, 0, 1.02823 )
axis_lock_linear_y = true
script = ExtResource( 1 )

[node name="CollisionShape" type="CollisionShape" parent="Path/PathFollow/RigidBody"]
shape = SubResource( 2 )

[node name="CSGBox" type="CSGBox" parent="Path/PathFollow/RigidBody/CollisionShape"]
transform = Transform( 0.0274386, 0, 0.0344984, 0, 0.00695397, 0, -0.0666732, 0, 0.0141974, -2.71379, 0, -0.818504 )

[node name="Camera" type="Camera" parent="."]
transform = Transform( 0.795529, 0.2218, -0.563861, -0.00246555, 0.93177, 0.363041, 0.605911, -0.287419, 0.741796, -3.53347, 2.04035, 3.93619 )
