[gd_scene load_steps=16 format=3 uid="uid://cymaeb8nldpdu"]

[ext_resource type="Script" path="res://scripts/Pusher.gd" id="1_oflui"]
[ext_resource type="Script" path="res://scripts/MatchRigidBody.gd" id="2_c7vys"]
[ext_resource type="Material" path="res://assets/materials/purplish.tres" id="3_ew0fa"]

[sub_resource type="PhysicsMaterial" id="16"]
friction = 0.0
bounce = 0.1

[sub_resource type="SphereShape3D" id="17"]
margin = 0.01
radius = 9.5

[sub_resource type="SphereMesh" id="18"]
radius = 9.0
height = 18.0

[sub_resource type="StandardMaterial3D" id="19"]
albedo_color = Color(0.984314, 0.0156863, 0.0156863, 1)

[sub_resource type="NoiseTexture2D" id="NoiseTexture2D_1oyjj"]

[sub_resource type="StandardMaterial3D" id="StandardMaterial3D_pu30s"]
albedo_color = Color(0.180392, 0.384314, 0.0862745, 1)
metallic = 1.0
metallic_texture = SubResource("NoiseTexture2D_1oyjj")

[sub_resource type="PlaneMesh" id="20"]
material = SubResource("StandardMaterial3D_pu30s")

[sub_resource type="Curve3D" id="23"]
_data = {
"points": PackedVector3Array(-135.935, -5.41263, 94.8941, 135.935, 5.41263, -94.8941, -180.759, -0.44622, -17.6326, -3.53329, 21.795, -194.509, 3.53329, -21.795, 194.509, 269.656, -1.94016, 105.503, 132.126, 6.87555, -2.6535, -132.126, -6.87555, 2.6535, 30.5575, 131.337, 347.031, -237.055, -3.01476, 165.652, 237.055, 3.01476, -165.652, -180.77, -0.4533, -17.6456),
"tilts": PackedFloat32Array(0, 0, 0, 0)
}
point_count = 4

[sub_resource type="FastNoiseLite" id="24"]

[sub_resource type="NoiseTexture2D" id="15"]
seamless = true
noise = SubResource("24")

[sub_resource type="StandardMaterial3D" id="25"]
albedo_color = Color(0.945098, 0.952941, 0.0705882, 1)
metallic = 0.5
metallic_specular = 0.8
metallic_texture = SubResource("15")

[sub_resource type="StandardMaterial3D" id="26"]
transparency = 1
albedo_color = Color(0.0431373, 0.968627, 0.752941, 0.176471)

[node name="Spatial" type="Node3D"]

[node name="DirectionalLight3D" type="DirectionalLight3D" parent="."]
transform = Transform3D(-0.976413, -0.214772, -0.0221528, -0.215911, 0.97126, 0.100181, 0, 0.102602, -0.994723, 0, 176.445, 139.215)

[node name="Camera" type="Camera3D" parent="."]
transform = Transform3D(-0.899375, -0.18476, 0.396219, 0, 0.906308, 0.422618, -0.437179, 0.380092, -0.81511, 180, 181.083, -119.683)
far = 8192.0

[node name="Train" type="Node3D" parent="."]
transform = Transform3D(1, 0, 0, 0, 1, 0, 0, 0, 1, 28.5706, 66.8347, -71.4547)
visible = false

[node name="Generic6DOFJoint" type="Generic6DOFJoint3D" parent="Train"]
node_a = NodePath("../Ball")
node_b = NodePath("../Ball2")

[node name="Ball" type="RigidBody3D" parent="Train"]
transform = Transform3D(1, 0, 0, 0, 1, -1.86265e-09, 0, 0, 1, 0, 0, 0)
mass = 5331.63
physics_material_override = SubResource("16")
can_sleep = false
script = ExtResource("1_oflui")
f = 10000.0
node_path = "../../Track2/Path/PathFollow/CSGBox"

[node name="CollisionShape" type="CollisionShape3D" parent="Train/Ball"]
shape = SubResource("17")

[node name="CSGMesh" type="CSGMesh3D" parent="Train/Ball"]
mesh = SubResource("18")
material = SubResource("19")

[node name="Ball2" type="RigidBody3D" parent="Train"]
transform = Transform3D(1, 0, 0, 0, 1, -1.86265e-09, 0, 0, 1, -30, 0, 0)
mass = 5331.63
physics_material_override = SubResource("16")
can_sleep = false
script = ExtResource("1_oflui")
f = 10000.0
node_path = "../../Track2/Path/PathFollow/CSGBox2"

[node name="CollisionShape" type="CollisionShape3D" parent="Train/Ball2"]
shape = SubResource("17")

[node name="CSGMesh" type="CSGMesh3D" parent="Train/Ball2"]
mesh = SubResource("18")
material = SubResource("19")

[node name="Train2" type="Node3D" parent="."]
transform = Transform3D(0.968382, -0.167664, -0.184729, 0.164694, 0.985844, -0.031417, 0.187381, 0, 0.982287, 9.67633, 190.134, 345.664)
visible = false

[node name="Generic6DOFJoint" type="Generic6DOFJoint3D" parent="Train2"]
node_a = NodePath("../Ball")
node_b = NodePath("../Ball2")

[node name="Ball" type="RigidBody3D" parent="Train2"]
transform = Transform3D(1, 0, 0, 0, 1, -1.86265e-09, 0, 0, 1, 0, 0, 0)
mass = 5331.63
physics_material_override = SubResource("16")
can_sleep = false
script = ExtResource("1_oflui")
f = 1000.0
node_path = "../../Track2/Path/PathFollow3/CSGBox"

[node name="CollisionShape" type="CollisionShape3D" parent="Train2/Ball"]
shape = SubResource("17")

[node name="CSGMesh" type="CSGMesh3D" parent="Train2/Ball"]
mesh = SubResource("18")
material = SubResource("19")

[node name="Ball2" type="RigidBody3D" parent="Train2"]
transform = Transform3D(1, 0, 0, 0, 1, -1.86265e-09, 0, 0, 1, -30, 0, 0)
mass = 5331.63
physics_material_override = SubResource("16")
can_sleep = false
script = ExtResource("1_oflui")
f = 10000.0
node_path = "../../Track2/Path/PathFollow4/CSGBox2"

[node name="CollisionShape" type="CollisionShape3D" parent="Train2/Ball2"]
shape = SubResource("17")

[node name="CSGMesh" type="CSGMesh3D" parent="Train2/Ball2"]
mesh = SubResource("18")
material = SubResource("19")

[node name="Ground" type="MeshInstance3D" parent="."]
transform = Transform3D(1000, 0, 0, 0, 1000, 0, 0, 0, 1000, 0, 0, 0)
mesh = SubResource("20")

[node name="Track2" type="Node3D" parent="."]
transform = Transform3D(1, 0, 0, 0, 1, 0, 0, 0, 1, 0, 40, 0)

[node name="Path" type="Path3D" parent="Track2"]
curve = SubResource("23")

[node name="PathFollow" type="PathFollow3D" parent="Track2/Path"]
transform = Transform3D(-0.571985, -0.0267816, 0.819823, -1.07009e-06, 0.999467, 0.0326491, -0.820264, 0.018674, -0.571678, -180.759, -0.44622, -17.6326)
rotation_mode = 4
script = ExtResource("2_c7vys")
node_path = "../../../Train/Ball"

[node name="CSGBox" type="CSGBox3D" parent="Track2/Path/PathFollow"]
transform = Transform3D(1, 0, 0, 0, 1, 0, 0, 0, 1, 0, 25, 0)
size = Vector3(10, 2, 20)
material = SubResource("25")

[node name="Camera" type="Camera3D" parent="Track2/Path/PathFollow/CSGBox"]
transform = Transform3D(1, 0, 0, 0, 0.748239, 0.66343, 0, -0.66343, 0.748238, 0, 40, 20)
fov = 73.1
far = 1320.1

[node name="PathFollow2" type="PathFollow3D" parent="Track2/Path"]
transform = Transform3D(-0.571985, -0.0267816, 0.819826, -1.07009e-06, 0.999467, 0.0326493, -0.820264, 0.018674, -0.57168, -180.759, -0.44622, -17.6326)
rotation_mode = 4
script = ExtResource("2_c7vys")
node_path = "../../../Train/Ball2"

[node name="CSGBox2" type="CSGBox3D" parent="Track2/Path/PathFollow2"]
transform = Transform3D(1, 0, 0, 0, 1, 0, 0, 0, 0.999996, 0, 25, 0)
size = Vector3(10, 2, 20)
material = SubResource("25")

[node name="PathFollow3" type="PathFollow3D" parent="Track2/Path"]
transform = Transform3D(-0.571985, -0.0267816, 0.819823, -1.07009e-06, 0.999467, 0.0326491, -0.820264, 0.018674, -0.571678, -180.759, -0.44622, -17.6326)
rotation_mode = 4
script = ExtResource("2_c7vys")
node_path = "../../../Train2/Ball"

[node name="CSGBox" type="CSGBox3D" parent="Track2/Path/PathFollow3"]
transform = Transform3D(1, 0, 0, 0, 1, 0, 0, 0, 1, 0, 25, 0)
size = Vector3(10, 2, 20)
material = ExtResource("3_ew0fa")

[node name="Camera" type="Camera3D" parent="Track2/Path/PathFollow3/CSGBox"]
transform = Transform3D(1, 0, 0, 0, 0.748239, 0.66343, 0, -0.66343, 0.748238, 0, 40, 20)
fov = 73.1
far = 1320.1

[node name="PathFollow4" type="PathFollow3D" parent="Track2/Path"]
transform = Transform3D(-0.571985, -0.0267816, 0.819826, -1.07009e-06, 0.999467, 0.0326493, -0.820264, 0.018674, -0.57168, -180.759, -0.44622, -17.6326)
rotation_mode = 4
script = ExtResource("2_c7vys")
node_path = "../../../Train2/Ball2"

[node name="CSGBox2" type="CSGBox3D" parent="Track2/Path/PathFollow4"]
transform = Transform3D(1, 0, 0, 0, 1, 0, 0, 0, 0.999996, 0, 25, 0)
size = Vector3(10, 2, 20)
material = ExtResource("3_ew0fa")

[node name="CollisionShape" type="CSGPolygon3D" parent="Track2/Path"]
transform = Transform3D(1, 0, 0, 0, 1, 0, 0, 0, 1, 0, -20, 0)
visible = false
use_collision = true
flip_faces = true
polygon = PackedVector2Array(10, 10, 10, -10, -10, -10, -10, 10, 10, 10, 12, 12, 12, -12, -12, -12, -12, 12, -12, 12, 12, 12)
mode = 2
path_node = NodePath("..")
path_interval_type = 0
path_interval = 1.0
path_simplify_angle = 0.0
path_rotation = 2
path_local = false
path_continuous_u = true
path_u_distance = 1.0
path_joined = true
smooth_faces = true
material = SubResource("26")

[node name="CSGPolygon" type="CSGPolygon3D" parent="Track2/Path"]
transform = Transform3D(1, 0, 0, 0, 1, 0, 0, 0, 1, 0, -20, 0)
polygon = PackedVector2Array(-10, -1, -10, 1, 10, 1, -10, 1)
mode = 2
path_node = NodePath("..")
path_interval_type = 0
path_interval = 1.0
path_simplify_angle = 0.0
path_rotation = 2
path_local = false
path_continuous_u = true
path_u_distance = 1.0
path_joined = true
smooth_faces = true
